1.000000000000000021e-02;0.000000000000000000e+00
1.005987425026197771e-02;5.029979041692863938e-05
1.011949400421665278e-02;1.011983133417666527e-04
1.017885477147327696e-02;1.526942738144199617e-04
1.023795206826575745e-02;2.047863469397307563e-04
1.029678141763973667e-02;2.574731779215370204e-04
1.035533834963951044e-02;3.107533820978550221e-04
1.041361840149475186e-02;3.646255449771831588e-04
1.047161711780704788e-02;4.190882222759259872e-04
1.052933005073626062e-02;4.741399399569389927e-04
1.058675276018664242e-02;5.297791942691903316e-04
1.064388081399279817e-02;5.860044517885419028e-04
1.070070978810538920e-02;6.428141494596460639e-04
1.075723526677662550e-02;7.002066946389564738e-04
1.081345284274555160e-02;7.581804651388552837e-04
1.086935811742306170e-02;8.167338092728914723e-04
1.092494670107671019e-02;8.758650459021328745e-04
1.098021421301524116e-02;9.355724644826246376e-04
1.103515628177289577e-02;9.958543251139624543e-04
1.108976854529343352e-02;1.056708858588968321e-03
1.114404665111388970e-02;1.118134266444475219e-03
1.119798625654808144e-02;1.180128721013216919e-03
1.125158302886980835e-02;1.242690365476818801e-03
1.130483264549577566e-02;1.305817313919894118e-03
1.135773079416823109e-02;1.369507651385237475e-03
1.141027317313728258e-02;1.433759433930118345e-03
1.146245549134295057e-02;1.498570688683672656e-03
1.151427346859684731e-02;1.563939413905387262e-03
1.156572283576360119e-02;1.629863579044682053e-03
1.161679933494191505e-02;1.696341124801580176e-03
1.166749871964529832e-02;1.763369963188470696e-03
1.171781675498248521e-02;1.830947977592960879e-03
1.176774921783747298e-02;1.899073022841812029e-03
1.181729189704924625e-02;1.967742925265962128e-03
1.186644059359111270e-02;2.036955482766632242e-03
1.191519112074969355e-02;2.106708464882511064e-03
1.196353930430355678e-02;2.176999612858022352e-03
1.201148098270142864e-02;2.247826639712663561e-03
1.205901200724007923e-02;2.319187230311426946e-03
1.210612824224178291e-02;2.391079041436286641e-03
1.215282556523139545e-02;2.463499701858759116e-03
1.219909986711303386e-02;2.536446812413533942e-03
1.224494705234633642e-02;2.609917946073166649e-03
1.229036303912232897e-02;2.683910648023841907e-03
1.233534375953885404e-02;2.758422435742187949e-03
1.237988515977558011e-02;2.833450799073166954e-03
1.242398320026858426e-02;2.908993200309003668e-03
1.246763385588448361e-02;2.985047074269183039e-03
1.251083311609414196e-02;3.061609828381493034e-03
1.255357698514590267e-02;3.138678842764122592e-03
1.259586148223838277e-02;3.216251470308798249e-03
1.263768264169279690e-02;3.294325036764977638e-03
1.267903651312481290e-02;3.372896840825075158e-03
1.271991916161593385e-02;3.451964154210731932e-03
1.276032666788439081e-02;3.531524221760124448e-03
1.280025512845556386e-02;3.611574261516301010e-03
1.283970065583189997e-02;3.692111464816559899e-03
1.287865937866232262e-02;3.773132996382846244e-03
1.291712744191115918e-02;3.854635994413184094e-03
1.295510100702652878e-02;3.936617570674123302e-03
1.299257625210824274e-02;4.019074810594217700e-03
1.302954937207515332e-02;4.102004773358512019e-03
1.306601657883198729e-02;4.185404492004044484e-03
1.310197410143565389e-02;4.269270973516367702e-03
1.313741818626098026e-02;4.353601198927069607e-03
1.317234509716593872e-02;4.438392123412312693e-03
1.320675111565628237e-02;4.523640676392362905e-03
1.324063254104965691e-02;4.609343761632122075e-03
1.327398569063911564e-02;4.695498257342667348e-03
1.330680689985609504e-02;4.782101016283769011e-03
1.333909252243278137e-02;4.869148865867410116e-03
1.337083893056392053e-02;4.956638608262284480e-03
1.340204251506802585e-02;5.044567020499288700e-03
1.343269968554799965e-02;5.132930854577985591e-03
1.346280687055113716e-02;5.221726837574051233e-03
1.349236051772855632e-02;5.310951671747689111e-03
1.352135709399398915e-02;5.400602034653027850e-03
1.354979308568196247e-02;5.490674579248468710e-03
1.357766499870535597e-02;5.581165934008009734e-03
1.360496935871234776e-02;5.672072703033531789e-03
1.363170271124270090e-02;5.763391466168028311e-03
1.365786162188341139e-02;5.855118779109796945e-03
1.368344267642374740e-02;5.947251173527589620e-03
1.370844248100958410e-02;6.039785157176687236e-03
1.373285766229711755e-02;6.132717214015936252e-03
1.375668486760590892e-02;6.226043804325714220e-03
1.377992076507125740e-02;6.319761364826835537e-03
1.380256204379590526e-02;6.413866308800384407e-03
1.382460541400104027e-02;6.508355026208472414e-03
1.384604760717666853e-02;6.603223883815940651e-03
1.386688537623122393e-02;6.698469225312944815e-03
1.388711549564055486e-02;6.794087371438490945e-03
1.390673476159615118e-02;6.890074620104865398e-03
1.392573999215270843e-02;6.986427246522984233e-03
1.394412802737494614e-02;7.083141503328628172e-03
1.396189572948373925e-02;7.180213620709599565e-03
1.397903998300151739e-02;7.277639806533770135e-03
1.399555769489691827e-02;7.375416246478003028e-03
1.401144579472872638e-02;7.473539104157988187e-03
1.402670123478909521e-02;7.572004521258955505e-03
1.404132099024596458e-02;7.670808617667248391e-03
1.405530205928479451e-02;7.769947491602801140e-03
1.406864146324951319e-02;7.869417219752469772e-03
1.408133624678269830e-02;7.969213857404238918e-03
1.409338347796503486e-02;8.069333438582284787e-03
1.410478024845394050e-02;8.169771976182904627e-03
1.411552367362148980e-02;8.270525462111296203e-03
1.412561089269148869e-02;8.371589867419185552e-03
1.413503906887582373e-02;8.472961142443306490e-03
1.414380538950997697e-02;8.574635216944711050e-03
1.415190706618779486e-02;8.676608000248943811e-03
1.415934133489539330e-02;8.778875381387002061e-03
1.416610545614431678e-02;8.881433229237170254e-03
1.417219671510386823e-02;8.984277392667657652e-03
1.417761242173260633e-02;9.087403700680044341e-03
1.418234991090905339e-02;9.190807962553558183e-03
1.418640654256156895e-02;9.294485967990177497e-03
1.418977970179737848e-02;9.398433487260476199e-03
1.419246679903079372e-02;9.502646271350350185e-03
1.419446527011057439e-02;9.607120052108477498e-03
1.419577257644646755e-02;9.711850542394607697e-03
1.419638620513487791e-02;9.816833436228614498e-03
1.419630366908370377e-02;9.922064408940334257e-03
1.419552250713630205e-02;1.002753911732019547e-02
1.419404028419459125e-02;1.013325319977060116e-02
1.419185459134131473e-02;1.023920227645809013e-02
1.418896304596138636e-02;1.034538194946625286e-02
1.418536329186241389e-02;1.045178780294942281e-02
1.418105299939429603e-02;1.055841540328709277e-02
1.417602986556795210e-02;1.066526029923908769e-02
1.417029161417319473e-02;1.077231802210150413e-02
1.416383599589563815e-02;1.087958408586334885e-02
1.415666078843278060e-02;1.098705398736393203e-02
1.414876379660915014e-02;1.109472320645099944e-02
1.414014285249052053e-02;1.120258720613953769e-02
1.413079581549728583e-02;1.131064143277136710e-02
1.412072057251685317e-02;1.141888131617539194e-02
1.410991503801512469e-02;1.152730226982855849e-02
1.409837715414710875e-02;1.163589969101757465e-02
1.408610489086653712e-02;1.174466896100123843e-02
1.407309624603458528e-02;1.185360544517351580e-02
1.405934924552765773e-02;1.196270449322731078e-02
1.404486194334421054e-02;1.207196143931886165e-02
1.402963242171064925e-02;1.218137160223286761e-02
1.401365879118628144e-02;1.229093028554826064e-02
1.399693919076728903e-02;1.240063277780464011e-02
1.397947178798976918e-02;1.251047435266937173e-02
1.396125477903181582e-02;1.262045026910534745e-02
1.394228638881462104e-02;1.273055577153937856e-02
1.392256487110260163e-02;1.284078609003123927e-02
1.390208850860259748e-02;1.295113644044334870e-02
1.388085561306202226e-02;1.306160202461109122e-02
1.385886452536610677e-02;1.317217803051374050e-02
1.383611361563410851e-02;1.328285963244603754e-02
1.381260128331454964e-02;1.339364199119034288e-02
1.378832595727947329e-02;1.350452025418944629e-02
1.376328609591769003e-02;1.361548955571994200e-02
1.373748018722702018e-02;1.372654501706620754e-02
1.371090674890555923e-02;1.383768174669500022e-02
1.368356432844191825e-02;1.394889484043062081e-02
1.365545150320444066e-02;1.406017938163064626e-02
1.362656688052945805e-02;1.417153044136227648e-02
1.359690909780845135e-02;1.428294307857921192e-02
1.356647682257426310e-02;1.439441234029910886e-02
1.353526875258625160e-02;1.450593326178161412e-02
1.350328361591441283e-02;1.461750086670691486e-02
1.347052017102248929e-02;1.472911016735485579e-02
1.343697720685004156e-02;1.484075616478461139e-02
1.340265354289346504e-02;1.495243384901485777e-02
1.336754802928599370e-02;1.506413819920449614e-02
1.333165954687664037e-02;1.517586418383391408e-02
1.329498700730808239e-02;1.528760676088671867e-02
1.325752935309353238e-02;1.539936087803203159e-02
1.321928555769251966e-02;1.551112147280724572e-02
1.318025462558562212e-02;1.562288347280132647e-02
1.314043559234816423e-02;1.573464179583855538e-02
1.309982752472280999e-02;1.584639135016280634e-02
1.305842952069112203e-02;1.595812703462228324e-02
1.301624070954405209e-02;1.606984373885471384e-02
1.297326025195133167e-02;1.618153634347306927e-02
1.292948734002982193e-02;1.629319972025165125e-02
1.288492119741075671e-02;1.640482873231277963e-02
1.283956107930594136e-02;1.651641823431376083e-02
1.279340627257280136e-02;1.662796307263444961e-02
1.274645609577845957e-02;1.673945808556514050e-02
1.269870989926257486e-02;1.685089810349498299e-02
1.265016706519923179e-02;1.696227794910072292e-02
1.260082700765763515e-02;1.707359243753598169e-02
1.255068917266177232e-02;1.718483637662083022e-02
1.249975303824891679e-02;1.729600456703185921e-02
1.244801811452710995e-02;1.740709180249259969e-02
1.239548394373142688e-02;1.751809286996436690e-02
1.234215010027926718e-02;1.762900254983747889e-02
1.228801619082441586e-02;1.773981561612287747e-02
1.223308185431006868e-02;1.785052683664405809e-02
1.217734676202070904e-02;1.796113097322949229e-02
1.212081061763289024e-02;1.807162278190527910e-02
1.206347315726486250e-02;1.818199701308825106e-02
1.200533414952513478e-02;1.829224841177938890e-02
1.194639339555984663e-02;1.840237171775757977e-02
1.188665072909907486e-02;1.851236166577372236e-02
1.182610601650195374e-02;1.862221298574517556e-02
1.176475915680074390e-02;1.873192040295049848e-02
1.170261008174365916e-02;1.884147863822453750e-02
1.163965875583668728e-02;1.895088240815383587e-02
1.157590517638414258e-02;1.906012642527228629e-02
1.151134937352820201e-02;1.916920539825717196e-02
1.144599141028720089e-02;1.927811403212544017e-02
1.137983138259285841e-02;1.938684702843024646e-02
1.131286941932631296e-02;1.949539908545786654e-02
1.124510568235302828e-02;1.960376489842478170e-02
1.117654036655657199e-02;1.971193915967506954e-02
1.110717369987118328e-02;1.981991655887808609e-02
1.103700594331328416e-02;1.992769178322635962e-02
1.096603739101171746e-02;2.003525951763372726e-02
1.089426837023696470e-02;2.014261444493376657e-02
1.082169924142907004e-02;2.024975124607839710e-02
1.074833039822453533e-02;2.035666460033672479e-02
1.067416226748194204e-02;2.046334918549416737e-02
1.059919530930650798e-02;2.056979967805167703e-02
1.052343001707339333e-02;2.067601075342529945e-02
1.044686691744992936e-02;2.078197708614582667e-02
1.036950657041660166e-02;2.088769335005871003e-02
1.029134956928693008e-02;2.099315421852413627e-02
1.021239654072613259e-02;2.109835436461728053e-02
1.013264814476865644e-02;2.120328846132873632e-02
1.005210507483450359e-02;2.130795118176513625e-02
9.970768057744433879e-03;2.141233719934989774e-02
9.888637853733915628e-03;2.151644118802411437e-02
9.805715256466005988e-03;2.162025782244767283e-02
9.722001093042940620e-03;2.172378177820040446e-02
9.637496224016658258e-03;2.182700773198343464e-02
9.552201543398051997e-03;2.192993036182066743e-02
9.466117978665115548e-03;2.203254434726033273e-02
9.379246490769849176e-03;2.213484436957669985e-02
9.291588074144057144e-03;2.223682511197189529e-02
9.203143756703859729e-03;2.233848125977777599e-02
9.113914599853147058e-03;2.243980750065792396e-02
9.023901698485737102e-03;2.254079852480976934e-02
8.933106180986430389e-03;2.264144902516669958e-02
8.841529209230836531e-03;2.274175369760032123e-02
8.749171978584015935e-03;2.284170724112276687e-02
8.656035717897981804e-03;2.294130435808902288e-02
8.562121689507937519e-03;2.304053975439936466e-02
8.467431189227398597e-03;2.313940813970182322e-02
8.371965546342095138e-03;2.323790422759464125e-02
8.275726123602684253e-03;2.333602273582882636e-02
8.178714317216272470e-03;2.343375838651072171e-02
8.080931556836751586e-03;2.353110590630452803e-02
7.982379305553982674e-03;2.362806002663493318e-02
7.883059059881717193e-03;2.372461548388965502e-02
7.782972349744374067e-03;2.382076701962207096e-02
7.682120738462628468e-03;2.391650938075375737e-02
7.580505822737798431e-03;2.401183731977706015e-02
7.478129232635044935e-03;2.410674559495763064e-02
7.374992631565358524e-03;2.420122897053694419e-02
7.271097716266392355e-03;2.429528221693474585e-02
7.166446216782081796e-03;2.438890011095149260e-02
7.061039896441087885e-03;2.448207743597073313e-02
6.954880551834005664e-03;2.457480898216140783e-02
6.847970012789435408e-03;2.466708954668013834e-02
6.740310142348856018e-03;2.475891393387337838e-02
6.631902836740261563e-03;2.485027695547951943e-02
6.522750025350653770e-03;2.494117343083095475e-02
6.412853670697315871e-03;2.503159818705597353e-02
6.302215768397925050e-03;2.512154605928059933e-02
6.190838347139453191e-03;2.521101189083032115e-02
6.078723468645855915e-03;2.529999053343171336e-02
5.965873227644620178e-03;2.538847684741392732e-02
5.852289751832109692e-03;2.547646570191008583e-02
5.737975201837687382e-03;2.556395197505846942e-02
5.622931771186681638e-03;2.565093055420366794e-02
5.507161686262155610e-03;2.573739633609752747e-02
5.390667206265500368e-03;2.582334422709989946e-02
5.273450623175825885e-03;2.590876914337935863e-02
5.155514261708161149e-03;2.599366601111362599e-02
5.036860479270477246e-03;2.607802976668987735e-02
4.917491665919556006e-03;2.616185535690486105e-02
4.797410244315623504e-03;2.624513773916486298e-02
4.676618669675807437e-03;2.632787188168538017e-02
4.555119429726454776e-03;2.641005276369073895e-02
4.432915044654229912e-03;2.649167537561334176e-02
4.310008067056051405e-03;2.657273471929285161e-02
4.186401081887816157e-03;2.665322580817505380e-02
4.062096706411979542e-03;2.673314366751050608e-02
3.937097590143964591e-03;2.681248333455300142e-02
3.811406414797364247e-03;2.689123985875775322e-02
3.685025894227958367e-03;2.696940830197929254e-02
3.557958774376604027e-03;2.704698373866920580e-02
3.430207833210940568e-03;2.712396125607353242e-02
3.301775880665845653e-03;2.720033595442992655e-02
3.172665758582862618e-03;2.727610294716449613e-02
3.042880340648314655e-03;2.735125736108846156e-02
2.912422532330360796e-03;2.742579433659441540e-02
2.781295270814792935e-03;2.749970902785233567e-02
2.649501524939760350e-03;2.757299660300529739e-02
2.517044295129236553e-03;2.764565224436488569e-02
2.383926613325412346e-03;2.771767114860623771e-02
2.250151542919841610e-03;2.778904852696284164e-02
2.115722178683514167e-03;2.785977960542090556e-02
1.980641646695681379e-03;2.792985962491352156e-02
1.844913104271617924e-03;2.799928384151435801e-02
1.708539739889131538e-03;2.806804752663105348e-02
1.571524773114019559e-03;2.813614596719829497e-02
1.433871454524276046e-03;2.820357446587046582e-02
1.295583065633242872e-03;2.827032834121394334e-02
1.156662918811521583e-03;2.833640292789905632e-02
1.017114357207833143e-03;2.840179357689161244e-02
8.769407546686350816e-04;2.846649565564404044e-02
7.361455156566987712e-04;2.853050454828617855e-02
5.947320751684434612e-04;2.859381565581561174e-02
4.527038986502333754e-04;2.865642439628759280e-02
3.100644819134395244e-04;2.871832620500463368e-02
1.668173510484665398e-04;2.877951653470553137e-02
2.296606233754731148e-05;2.883999085575410931e-02
-1.214857978334908217e-04;2.889974465632741060e-02
-2.665346130646894206e-04;2.895877344260351302e-02
-4.121767370324451582e-04;2.901707273894886183e-02
-5.584084935812222645e-04;2.907463808810517927e-02
-7.052261768162816549e-04;2.913146505137586065e-02
-8.526260511976333639e-04;2.918754920881194703e-02
-1.000604351635000404e-03;2.924288615939762276e-02
-1.149157283583999642e-03;2.929747152123516815e-02
-1.298281023143331740e-03;2.935130093172951676e-02
-1.447971717153181178e-03;2.940437004777222627e-02
-1.598225483294621330e-03;2.945667454592502954e-02
-1.749038410190225604e-03;2.950821012260282025e-02
-1.900406557505673671e-03;2.955897249425611106e-02
-2.052325956052565049e-03;2.960895739755307204e-02
-2.204792607892219324e-03;2.965816058956090989e-02
-2.357802486440675489e-03;2.970657784792678224e-02
-2.511351536574679428e-03;2.975420497105818810e-02
-2.665435674738859256e-03;2.980103777830278231e-02
-2.820050789053880555e-03;2.984707211012759681e-02
-2.975192739425795967e-03;2.989230382829781082e-02
-3.130857357656358433e-03;2.993672881605485489e-02
-3.287040447554519674e-03;2.998034297829397024e-02
-3.443737785048899686e-03;3.002314224174123386e-02
-3.600945118301424573e-03;3.006512255512991047e-02
-3.758658167821935393e-03;3.010627988937632574e-02
-3.916872626583955790e-03;3.014661023775504906e-02
-4.075584160141421108e-03;3.018610961607349000e-02
-4.234788406746569332e-03;3.022477406284594312e-02
-4.394480977468785687e-03;3.026259963946694928e-02
-4.554657456314589563e-03;3.029958243038405330e-02
-4.715313400348580299e-03;3.033571854326996137e-02
-4.876444339815530493e-03;3.037100410919403928e-02
-5.038045778263396113e-03;3.040543528279314803e-02
-5.200113192667506212e-03;3.043900824244189646e-02
-5.362642033555635630e-03;3.047171919042216542e-02
-5.525627725134261634e-03;3.050356435309204209e-02
-5.689065665415708739e-03;3.053453998105404993e-02
-5.852951226346421974e-03;3.056464234932268140e-02
-6.017279753936231532e-03;3.059386775749135465e-02
-6.182046568388564582e-03;3.062221252989853759e-02
-6.347246964231780322e-03;3.064967301579334114e-02
-6.512876210451453048e-03;3.067624558950028321e-02
-6.678929550623680447e-03;3.070192665058343873e-02
-6.845402203049359008e-03;3.072671262400986439e-02
-7.012289360889499383e-03;3.075059996031225332e-02
-7.179586192301544434e-03;3.077358513575096516e-02
-7.347287840576637898e-03;3.079566465247526863e-02
-7.515389424277880114e-03;3.081683503868383814e-02
-7.683886037379615043e-03;3.083709284878460161e-02
-7.852772749407668784e-03;3.085643466355373135e-02
-8.022044605580548257e-03;3.087485709029396883e-02
-8.191696626951626078e-03;3.089235676299219302e-02
-8.361723810552289943e-03;3.090893034247614926e-02
-8.532121129536083398e-03;3.092457451657053616e-02
-8.702883533323765158e-03;3.093928600025220785e-02
-8.874005947749317308e-03;3.095306153580465458e-02
-9.045483275206956178e-03;3.096589789297173045e-02
-9.217310394799067830e-03;3.097779186911051030e-02
-9.389482162485052533e-03;3.098874028934340066e-02
-9.561993411231145892e-03;3.099874000670949786e-02
-9.734838951161159382e-03;3.100778790231505100e-02
-9.908013569708168031e-03;3.101588088548314429e-02
-1.008151203176710885e-02;3.102301589390262307e-02
-1.025532907984827956e-02;3.102918989377612471e-02
-1.042945943423178277e-02;3.103439987996728724e-02
-1.060389779312291038e-02;3.103864287614719816e-02
-1.077863883280836578e-02;3.104191593493989612e-02
-1.095367720781342813e-02;3.104421613806714400e-02
-1.112900755106002205e-02;3.104554059649226178e-02
-1.130462447402567558e-02;3.104588645056313365e-02
-1.148052256690336795e-02;3.104525087015439985e-02
-1.165669639876223615e-02;3.104363105480870827e-02
-1.183314051770919563e-02;3.104102423387715415e-02
-1.200984945105144919e-02;3.103742766665882821e-02
-1.218681770545982854e-02;3.103283864253946964e-02
-1.236403976713298936e-02;3.102725448112923085e-02
-1.254151010196253267e-02;3.102067253239961658e-02
-1.271922315569893984e-02;3.101309017681940297e-02
-1.289717335411836620e-02;3.100450482548977940e-02
-1.307535510319026567e-02;3.099491392027854328e-02
-1.325376278924587578e-02;3.098431493395329903e-02
-1.343239077914756309e-02;3.097270537031389728e-02
-1.361123342045896141e-02;3.096008276432382633e-02
-1.379028504161592360e-02;3.094644468224070494e-02
-1.396953995209835632e-02;3.093178872174591129e-02
-1.414899244260284239e-02;3.091611251207318153e-02
-1.432863678521604199e-02;3.089941371413628887e-02
-1.450846723358896473e-02;3.088169002065585186e-02
-1.468847802311195987e-02;3.086293915628511922e-02
-1.486866337109060861e-02;3.084315887773475887e-02
-1.504901747692233629e-02;3.082234697389681782e-02
-1.522953452227377227e-02;3.080050126596759613e-02
-1.541020867125903436e-02;3.077761960756960138e-02
-1.559103407061864476e-02;3.075369988487253181e-02
-1.577200484989927515e-02;3.072874001671324282e-02
-1.595311512163427245e-02;3.070273795471478370e-02
-1.613435898152489056e-02;3.067569168340442479e-02
-1.631573050862234961e-02;3.064759922033061940e-02
-1.649722376551060812e-02;3.061845861617909503e-02
-1.667883279848981354e-02;3.058826795488787595e-02
-1.686055163776063390e-02;3.055702535376123713e-02
-1.704237429760920366e-02;3.052472896358277357e-02
-1.722429477659282934e-02;3.049137696872734893e-02
-1.740630705772644102e-02;3.045696758727209005e-02
-1.758840510866971699e-02;3.042149907110629214e-02
-1.777058288191498553e-02;3.038496970604034897e-02
-1.795283431497570956e-02;3.034737781191367695e-02
-1.813515333057584555e-02;3.030872174270144576e-02
-1.831753383683975417e-02;3.026899988662048319e-02
-1.849996972748282550e-02;3.022821066623393102e-02
-1.868245488200282953e-02;3.018635253855504394e-02
-1.886498316587191873e-02;3.014342399514974291e-02
-1.904754843072929346e-02;3.009942356223822835e-02
-1.923014451457456808e-02;3.005434980079551427e-02
-1.941276524196169917e-02;3.000820130665088348e-02
-1.959540442419370129e-02;2.996097671058621861e-02
-1.977805585951792830e-02;2.991267467843335831e-02
-1.996071333332200687e-02;2.986329391117029802e-02
-2.014337061833037026e-02;2.981283314501633266e-02
-2.032602147480153804e-02;2.976129115152610985e-02
-2.050865965072588490e-02;2.970866673768259372e-02
-2.069127888202411739e-02;2.965495874598888734e-02
-2.087387289274626745e-02;2.960016605455909749e-02
-2.105643539527145280e-02;2.954428757720787765e-02
-2.123896009050804320e-02;2.948732226353906541e-02
-2.142144066809458999e-02;2.942926909903308130e-02
-2.160387080660117198e-02;2.937012710513329378e-02
-2.178624417373151503e-02;2.930989533933120797e-02
-2.196855442652554877e-02;2.924857289525054777e-02
-2.215079521156254269e-02;2.918615890273021027e-02
-2.233296016516485294e-02;2.912265252790616904e-02
-2.251504291360223800e-02;2.905805297329209710e-02
-2.269703707329664630e-02;2.899235947785894565e-02
-2.287893625102763173e-02;2.892557131711340559e-02
-2.306073404413819944e-02;2.885768780317517906e-02
-2.324242404074134544e-02;2.878870828485308175e-02
-2.342399981992697097e-02;2.871863214772008011e-02
-2.360545495196938320e-02;2.864745881418706563e-02
-2.378678299853526426e-02;2.857518774357560576e-02
-2.396797751289225092e-02;2.850181843218940400e-02
-2.414903204011787860e-02;2.842735041338464649e-02
-2.432994011730911510e-02;2.835178325763923479e-02
-2.451069527379230034e-02;2.827511657262080785e-02
-2.469129103133367586e-02;2.819735000325351501e-02
-2.487172090435028210e-02;2.811848323178376546e-02
-2.505197840012140034e-02;2.803851597784467325e-02
-2.523205701900033127e-02;2.795744799851939549e-02
-2.541195025462683957e-02;2.787527908840324239e-02
-2.559165159413984494e-02;2.779200907966460424e-02
-2.577115451839066124e-02;2.770763784210469871e-02
-2.595045250215659988e-02;2.762216528321620804e-02
-2.612953901435509027e-02;2.753559134824046933e-02
-2.630840751825815060e-02;2.744791602022379068e-02
-2.648705147170732355e-02;2.735913932007231694e-02
-2.666546432732889993e-02;2.726926130660583050e-02
-2.684363953274975997e-02;2.717828207661025092e-02
-2.702157053081340188e-02;2.708620176488901396e-02
-2.719925075979647000e-02;2.699302054431314268e-02
-2.737667365362559529e-02;2.689873862587021866e-02
-2.755383264209470759e-02;2.680335625871201055e-02
-2.773072115108263236e-02;2.670687373020096470e-02
-2.790733260277105873e-02;2.660929136595545710e-02
-2.808366041586285791e-02;2.651060952989383115e-02
-2.825969800580082139e-02;2.641082862427714117e-02
-2.843543878498665939e-02;2.630994908975075805e-02
-2.861087616300032541e-02;2.620797140538465644e-02
-2.878600354681973283e-02;2.610489608871258485e-02
-2.896081434104077687e-02;2.600072369576982706e-02
-2.913530194809757501e-02;2.589545482112993666e-02
-2.930945976848316550e-02;2.578909009793999355e-02
-2.948328120097038971e-02;2.568163019795483698e-02
-2.965675964283312135e-02;2.557307583156990388e-02
-2.982988849006775953e-02;2.546342774785285978e-02
-3.000266113761496448e-02;2.535268673457407793e-02
-3.017507097958178550e-02;2.524085361823567852e-02
-3.034711140946391023e-02;2.512792926409944047e-02
-3.051877582036824355e-02;2.501391457621351261e-02
-3.069005760523573975e-02;2.489881049743766089e-02
-3.086095015706447064e-02;2.478261800946748861e-02
-3.103144686913290179e-02;2.466533813285725144e-02
-3.120154113522344286e-02;2.454697192704141662e-02
-3.137122634984615410e-02;2.442752049035509798e-02
-3.154049590846279283e-02;2.430698496005298179e-02
-3.170934320771091885e-02;2.418536651232719090e-02
-3.187776164562825670e-02;2.406266636232385139e-02
-3.204574462187734923e-02;2.393888576415826100e-02
-3.221328553797021821e-02;2.381402601092890564e-02
-3.238037779749337181e-02;2.368808843473018885e-02
-3.254701480633286764e-02;2.356107440666382544e-02
-3.271318997289957009e-02;2.343298533684905205e-02
-3.287889670835465739e-02;2.330382267443145347e-02
-3.304412842683513568e-02;2.317358790759053988e-02
-3.320887854567955433e-02;2.304228256354617574e-02
-3.337314048565395708e-02;2.290990820856348906e-02
-3.353690767117778471e-02;2.277646644795669126e-02
-3.370017353055001358e-02;2.264195892609152660e-02
-3.386293149617543990e-02;2.250638732638646222e-02
-3.402517500479092238e-02;2.236975337131259442e-02
-3.418689749769188158e-02;2.223205882239222969e-02
-3.434809242095887560e-02;2.209330548019619936e-02
-3.450875322568408565e-02;2.195349518433995992e-02
-3.466887336819816923e-02;2.181262981347824315e-02
-3.482844631029690524e-02;2.167071128529854743e-02
-3.498746551946811667e-02;2.152774155651330026e-02
-3.514592446911851686e-02;2.138372262285070241e-02
-3.530381663880063220e-02;2.123865651904432300e-02
-3.546113551443985656e-02;2.109254531882135547e-02
-3.561787458856143646e-02;2.094539113488955509e-02
-3.577402736051746301e-02;2.079719611892304892e-02
-3.592958733671405835e-02;2.064796246154659148e-02
-3.608454803083835372e-02;2.049769239231870321e-02
-3.623890296408564804e-02;2.034638817971347671e-02
-3.639264566538648327e-02;2.019405213110105415e-02
-3.654576967163365719e-02;2.004068659272685918e-02
-3.669826852790939592e-02;1.988629394968944100e-02
-3.685013578771236670e-02;1.973087662591707994e-02
-3.700136501318459364e-02;1.957443708414316128e-02
-3.715194977533860243e-02;1.941697782588007112e-02
-3.730188365428419722e-02;1.925850139139194742e-02
-3.745116023945543188e-02;1.909901035966608471e-02
-3.759977312983741465e-02;1.893850734838299632e-02
-3.774771593419298799e-02;1.877699501388528994e-02
-3.789498227128952623e-02;1.861447605114505480e-02
-3.804156577012544893e-02;1.845095319373012480e-02
-3.818746007015674793e-02;1.828642921376900585e-02
-3.833265882152339654e-02;1.812090692191438424e-02
-3.847715568527570323e-02;1.795438916730547965e-02
-3.862094433360042239e-02;1.778687883752902085e-02
-3.876401845004692759e-02;1.761837885857893762e-02
-3.890637172975309338e-02;1.744889219481481762e-02
-3.904799787967114938e-02;1.727842184891887831e-02
-3.918889061879338859e-02;1.710697086185184249e-02
-3.932904367837761206e-02;1.693454231280746430e-02
-3.946845080217260826e-02;1.676113931916562924e-02
-3.960710574664334099e-02;1.658676503644434044e-02
-3.974500228119593609e-02;1.641142265825026175e-02
-3.988213418840263341e-02;1.623511541622804644e-02
-4.001849526422643355e-02;1.605784658000838569e-02
-4.015407931824557103e-02;1.587961945715462078e-02
-4.028888017387786957e-02;1.570043739310822070e-02
-4.042289166860477123e-02;1.552030377113293967e-02
-4.055610765419524061e-02;1.533922201225754872e-02
-4.068852199692942623e-02;1.515719557521742929e-02
-4.082012857782205129e-02;1.497422795639479810e-02
-4.095092129284566562e-02;1.479032268975764494e-02
-4.108089405315350912e-02;1.460548334679744563e-02
-4.121004078530226405e-02;1.441971353646542831e-02
-4.133835543147450914e-02;1.423301690510770517e-02
-4.146583194970085429e-02;1.404539713639911883e-02
-4.159246431408182565e-02;1.385685795127562271e-02
-4.171824651500954939e-02;1.366740310786557742e-02
-4.184317255938906077e-02;1.347703640141966960e-02
-4.196723647085930792e-02;1.328576166423952286e-02
-4.209043229001394049e-02;1.309358276560515337e-02
-4.221275407462170975e-02;1.290050361170093363e-02
-4.233419589984660503e-02;1.270652814554044593e-02
-4.245475185846761534e-02;1.251166034689006785e-02
-4.257441606109821364e-02;1.231590423219110740e-02
-4.269318263640548006e-02;1.211926385448084884e-02
-4.281104573132885754e-02;1.192174330331222283e-02
-4.292799951129858821e-02;1.172334670467220855e-02
-4.304403816045376113e-02;1.152407822089907864e-02
-4.315915588186004792e-02;1.132394205059816285e-02
-4.327334689772698723e-02;1.112294242855647528e-02
-4.338660544962494314e-02;1.092108362565614478e-02
-4.349892579870165421e-02;1.071836994878641244e-02
-4.361030222589835914e-02;1.051480574075452749e-02
-4.372072903216561723e-02;1.031039538019520863e-02
-4.383020053867858062e-02;1.010514328147897600e-02
-4.393871108705196121e-02;9.899053894619265492e-03
-4.404625503955451882e-02;9.692131705178089196e-03
-4.415282677932311217e-02;9.484381234170623926e-03
-4.425842071057634747e-02;9.275807037968496899e-03
-4.436303125882778281e-02;9.066413708201770394e-03
-4.446665287109856368e-02;8.856205871659795364e-03
-4.456928001612980861e-02;8.645188190190647784e-03
-4.467090718459433563e-02;8.433365360599447830e-03
-4.477152888930797242e-02;8.220742114545482107e-03
-4.487113966544047094e-02;8.007323218437886053e-03
-4.496973407072581141e-02;7.793113473330292446e-03
-4.506730668567204140e-02;7.578117714814142439e-03
-4.516385211377068470e-02;7.362340812910776223e-03
-4.525936498170550493e-02;7.145787671962370094e-03
-4.535383993956092208e-02;6.928463230521475329e-03
-4.544727166102976307e-02;6.710372461239484145e-03
-4.553965484362049176e-02;6.491520370753891753e-03
-4.563098420886402273e-02;6.271911999574148085e-03
-4.572125450251984802e-02;6.051552421966497307e-03
-4.581046049478167820e-02;5.830446745837493741e-03
-4.589859698048252834e-02;5.608600112616319092e-03
-4.598565877929920720e-02;5.386017697135979908e-03
-4.607164073595623743e-02;5.162704707513094717e-03
-4.615653772042924846e-02;4.938666385026668076e-03
-4.624034462814767543e-02;4.713908003995654662e-03
-4.632305638019700023e-02;4.488434871655148581e-03
-4.640466792352025693e-02;4.262252328031573487e-03
-4.648517423111900304e-02;4.035365745816583798e-03
-4.656457030225369387e-02;3.807780530239773288e-03
-4.664285116264337006e-02;3.579502118940299914e-03
-4.672001186466474831e-02;3.350535981837118957e-03
-4.679604748755070154e-02;3.120887620998226940e-03
-4.687095313758804505e-02;2.890562570508721594e-03
-4.694472394831470524e-02;2.659566396337502241e-03
-4.701735508071625685e-02;2.427904696203010432e-03
-4.708884172342173852e-02;2.195583099437695140e-03
-4.715917909289878834e-02;1.962607266851311340e-03
-4.722836243364824521e-02;1.728982890593166706e-03
-4.729638701839783410e-02;1.494715694012998305e-03
-4.736324814829541430e-02;1.259811431520881965e-03
-4.742894115310132552e-02;1.024275888445992395e-03
-4.749346139138011652e-02;7.881148808940254989e-04
-4.755680425069159362e-02;5.513342556036875250e-04
-4.761896514778110601e-02;3.139398898019375391e-04
-4.767993952876908165e-02;7.593769105809196416e-05
-4.773972286933994558e-02;-1.626664028630965921e-04
-4.779831067493015007e-02;-4.018664241497039839e-04
-4.785569848091555945e-02;-6.416563750918335670e-04
-4.791188185279811329e-02;-8.820302282319385668e-04
-4.796685638639160837e-02;-1.122981926516452861e-03
-4.802061770800684221e-02;-1.364505383448326057e-03
-4.807316147463593092e-02;-1.606594483240773386e-03
-4.812448337413584298e-02;-1.849243080972135878e-03
-4.817457912541116272e-02;-2.092445002741733558e-03
-4.822344447859611832e-02;-2.336194045827035513e-03
-4.827107521523569394e-02;-2.580483978841726592e-03
-4.831746714846604784e-02;-2.825308541894876093e-03
-4.836261612319411179e-02;-3.070661446751373012e-03
-4.840651801627628842e-02;-3.316536376993238413e-03
-4.844916873669643381e-02;-3.562926988182125651e-03
-4.849056422574297975e-02;-3.809826908022888314e-03
-4.853070045718516079e-02;-4.057229736528115277e-03
-4.856957343744850580e-02;-4.305129046183946845e-03
-4.860717920578939977e-02;-4.553518382116760431e-03
-4.864351383446882671e-02;-4.802391262260912244e-03
-4.867857342892528694e-02;-5.051741177527725377e-03
-4.871235412794677061e-02;-5.301561591975310558e-03
-4.874485210384191247e-02;-5.551845942979546575e-03
-4.877606356261031395e-02;-5.802587641406091110e-03
-4.880598474411185217e-02;-6.053780071783323134e-03
-4.883461192223525343e-02;-6.305416592476535166e-03
-4.886194140506563977e-02;-6.557490535862952989e-03
-4.888796953505127052e-02;-6.809995208507778862e-03
-4.891269268916932644e-02;-7.062923891341449899e-03
-4.893610727909077779e-02;-7.316269839837680547e-03
-4.895820975134438507e-02;-7.570026284192644776e-03
-4.897899658747970064e-02;-7.824186429505134918e-03
-4.899846430422918897e-02;-8.078743455957621694e-03
-4.901660945366941718e-02;-8.333690518998534622e-03
-4.903342862338125330e-02;-8.589020749525321310e-03
-4.904891843660916240e-02;-8.844727254068492084e-03
-4.906307555241953833e-02;-9.100803114976843342e-03
-4.907589666585806393e-02;-9.357241390603442469e-03
-4.908737850810607206e-02;-9.614035115492679598e-03
-4.909751784663604623e-02;-9.871177300568287349e-03
-4.910631148536603874e-02;-1.012866093332221579e-02
-4.911375626481309653e-02;-1.038647897800466964e-02
-4.911984906224577813e-02;-1.064462437581490360e-02
-4.912458679183566435e-02;-1.090309004509296478e-02
-4.912796640480777272e-02;-1.116186888151256620e-02
-4.912998488959010451e-02;-1.142095375827466633e-02
-4.913063927196204689e-02;-1.168033752630210330e-02
-4.912992661520185905e-02;-1.194001301443513470e-02
-4.912784402023311764e-02;-1.219997302962780132e-02
-4.912438862577005877e-02;-1.246021035714540461e-02
-4.911955760846199032e-02;-1.272071776076271442e-02
-4.911334818303661476e-02;-1.298148798296304939e-02
-4.910575760244229038e-02;-1.324251374513848480e-02
-4.909678315798926551e-02;-1.350378774779070236e-02
-4.908642217948987196e-02;-1.376530267073284783e-02
-4.907467203539764983e-02;-1.402705117329226987e-02
-4.906153013294538984e-02;-1.428902589451402048e-02
-4.904699391828208632e-02;-1.455121945336542398e-02
-4.903106087660889095e-02;-1.481362444894135377e-02
-4.901372853231393545e-02;-1.507623346067032966e-02
-4.899499444910600243e-02;-1.533903904852166634e-02
-4.897485623014726647e-02;-1.560203375321326733e-02
-4.895331151818477916e-02;-1.586521009642036240e-02
-4.893035799568091343e-02;-1.612856058098504838e-02
-4.890599338494280163e-02;-1.639207769112660876e-02
-4.888021544825044140e-02;-1.665575389265281508e-02
-4.885302198798384399e-02;-1.691958163317188249e-02
-4.882441084674910697e-02;-1.718355334230522308e-02
-4.879437990750315479e-02;-1.744766143190119856e-02
-4.876292709367758410e-02;-1.771189829624947309e-02
-4.873005036930118383e-02;-1.797625631229624391e-02
-4.869574773912140747e-02;-1.824072783986025598e-02
-4.866001724872473511e-02;-1.850530522184952453e-02
-4.862285698465577954e-02;-1.876998078447900467e-02
-4.858426507453527526e-02;-1.903474683748886120e-02
-4.854423968717699878e-02;-1.929959567436346016e-02
-4.850277903270334978e-02;-1.956451957255152946e-02
-4.845988136265995394e-02;-1.982951079368631270e-02
-4.841554497012893338e-02;-2.009456158380727026e-02
-4.836976818984107390e-02;-2.035966417358200595e-02
-4.832254939828684037e-02;-2.062481077852904368e-02
-4.827388701382611530e-02;-2.088999359924148536e-02
-4.822377949679680642e-02;-2.115520482161115795e-02
-4.817222534962223995e-02;-2.142043661705362798e-02
-4.811922311691737425e-02;-2.168568114273389247e-02
-4.806477138559378526e-02;-2.195093054179263203e-02
-4.800886878496341686e-02;-2.221617694357344922e-02
-4.795151398684118632e-02;-2.248141246385053360e-02
-4.789270570564631291e-02;-2.274662920505702429e-02
-4.783244269850243924e-02;-2.301181925651425361e-02
-4.777072376533655212e-02;-2.327697469466144184e-02
-4.770754774897662670e-02;-2.354208758328612747e-02
-4.764291353524805622e-02;-2.380714997375531564e-02
-4.757682005306888839e-02;-2.407215390524708107e-02
-4.750926627454370860e-02;-2.433709140498312162e-02
-4.744025121505640596e-02;-2.460195448846166921e-02
-4.736977393336159331e-02;-2.486673515969107726e-02
-4.729783353167479193e-02;-2.513142541142422345e-02
-4.722442915576140904e-02;-2.539601722539326992e-02
-4.714955999502436212e-02;-2.566050257254518310e-02
-4.707322528259051675e-02;-2.592487341327784356e-02
-4.699542429539586147e-02;-2.618912169767662751e-02
-4.691615635426925335e-02;-2.645323936575179335e-02
-4.683542082401512957e-02;-2.671721834767628104e-02
-4.675321711349474801e-02;-2.698105056402403876e-02
-4.666954467570619269e-02;-2.724472792600916154e-02
-4.658440300786313715e-02;-2.750824233572534902e-02
-4.649779165147224086e-02;-2.777158568638598071e-02
-4.640971019240930362e-02;-2.803474986256484017e-02
-4.632015826099417088e-02;-2.829772674043718600e-02
-4.622913553206411258e-02;-2.856050818802156541e-02
-4.613664172504619576e-02;-2.882308606542204055e-02
-4.604267660402816542e-02;-2.908545222507083125e-02
-4.594723997782797220e-02;-2.934759851197176264e-02
-4.585033170006216907e-02;-2.960951676394388277e-02
-4.575195166921281614e-02;-2.987119881186583309e-02
-4.565209982869310873e-02;-3.013263647992053818e-02
-4.555077616691179110e-02;-3.039382158584045049e-02
-4.544798071733600203e-02;-3.065474594115330520e-02
-4.534371355855301711e-02;-3.091540135142830520e-02
-4.523797481433058931e-02;-3.117577961652268775e-02
-4.513076465367583945e-02;-3.143587253082890526e-02
-4.502208329089295996e-02;-3.169567188352214598e-02
-4.491193098563950326e-02;-3.195516945880830240e-02
-4.480030804298124059e-02;-3.221435703617239743e-02
-4.468721481344592461e-02;-3.247322639062738547e-02
-4.457265169307534497e-02;-3.273176929296349458e-02
-4.445661912347628753e-02;-3.298997750999782541e-02
-4.433911759187011276e-02;-3.324784280482440818e-02
-4.422014763114080760e-02;-3.350535693706473833e-02
-4.409970981988183686e-02;-3.376251166311856899e-02
-4.397780478244157909e-02;-3.401929873641517527e-02
-4.385443318896731918e-02;-3.427570990766495157e-02
-4.372959575544806132e-02;-3.453173692511135595e-02
-4.360329324375568361e-02;-3.478737153478328459e-02
-4.347552646168493379e-02;-3.504260548074775855e-02
-4.334629626299204425e-02;-3.529743050536287424e-02
-4.321560354743177873e-02;-3.555183834953126731e-02
-4.308344926079327869e-02;-3.580582075295371536e-02
-4.294983439493446631e-02;-3.605936945438320551e-02
-4.281475998781499731e-02;-3.631247619187924491e-02
-4.267822712352793701e-02;-3.656513270306240709e-02
-4.254023693232995146e-02;-3.681733072536941959e-02
-4.240079059067005524e-02;-3.706906199630826543e-02
-4.225988932121718666e-02;-3.732031825371366629e-02
-4.211753439288607598e-02;-3.757109123600296807e-02
-4.197372712086192698e-02;-3.782137268243208200e-02
-4.182846886662366231e-02;-3.807115433335184901e-02
-4.168176103796564225e-02;-3.832042793046457757e-02
-4.153360508901818987e-02;-3.856918521708077585e-02
-4.138400252026643023e-02;-3.881741793837634180e-02
-4.123295487856794977e-02;-3.906511784164973244e-02
-4.108046375716896403e-02;-3.931227667657938296e-02
-4.092653079571901414e-02;-3.955888619548159069e-02
-4.077115768028429649e-02;-3.980493815356827420e-02
-4.061434614335961146e-02;-4.005042430920514179e-02
-4.045609796387877877e-02;-4.029533642417002653e-02
-4.029641496722378979e-02;-4.053966626391123512e-02
-4.013529902523235021e-02;-4.078340559780635477e-02
-3.997275205620411803e-02;-4.102654619942105313e-02
-3.980877602490554001e-02;-4.126907984676791985e-02
-3.964337294257313377e-02;-4.151099832256579386e-02
-3.947654486691543757e-02;-4.175229341449895881e-02
-3.930829390211349611e-02;-4.199295691547651199e-02
-3.913862219881993759e-02;-4.223298062389202467e-02
-3.896753195415662147e-02;-4.247235634388305675e-02
-3.879502541171071101e-02;-4.271107588559108076e-02
-3.862110486152955241e-02;-4.294913106542132264e-02
-3.844577264011396489e-02;-4.318651370630262332e-02
-3.826903113041005278e-02;-4.342321563794771661e-02
-3.809088276179968535e-02;-4.365922869711319487e-02
-3.791133001008949177e-02;-4.389454472785983552e-02
-3.773037539749841268e-02;-4.412915558181287196e-02
-3.754802149264380162e-02;-4.436305311842230620e-02
-3.736427091052604843e-02;-4.459622920522336026e-02
-3.717912631251197447e-02;-4.482867571809678181e-02
-3.699259040631634049e-02;-4.506038454152952455e-02
-3.680466594598236912e-02;-4.529134756887507468e-02
-3.661535573186058129e-02;-4.552155670261404802e-02
-3.642466261058618926e-02;-4.575100385461466218e-02
-3.623258947505515054e-02;-4.597968094639329900e-02
-3.603913926439862581e-02;-4.620757990937506693e-02
-3.584431496395621558e-02;-4.643469268515410669e-02
-3.564811960524740669e-02;-4.666101122575437576e-02
-3.545055626594187381e-02;-4.688652749388986379e-02
-3.525162806982818503e-02;-4.711123346322511340e-02
-3.505133818678114049e-02;-4.733512111863556748e-02
-3.484968983272753590e-02;-4.755818245646786790e-02
-3.464668626961058678e-02;-4.778040948480012651e-02
-3.444233080535286790e-02;-4.800179422370211280e-02
-3.423662679381772600e-02;-4.822232870549537226e-02
-3.402957763476949921e-02;-4.844200497501312264e-02
-3.382118677383182809e-02;-4.866081508986037918e-02
-3.361145770244494679e-02;-4.887875112067364275e-02
-3.340039395782132964e-02;-4.909580515138062262e-02
-3.318799912289990134e-02;-4.931196927945988989e-02
-3.297427682629879703e-02;-4.952723561620024639e-02
-3.275923074226663734e-02;-4.974159628696020463e-02
-3.254286459063258224e-02;-4.995504343142695425e-02
-3.232518213675444896e-02;-5.016756920387564073e-02
-3.210618719146589306e-02;-5.037916577342812369e-02
-3.188588361102183411e-02;-5.058982532431170742e-02
-3.166427529704253507e-02;-5.079954005611765633e-02
-3.144136619645619690e-02;-5.100830218405962013e-02
-3.121716030144012707e-02;-5.121610393923175381e-02
-3.099166164936047879e-02;-5.142293756886666400e-02
-3.076487432271043237e-02;-5.162879533659324449e-02
-3.053680244904707908e-02;-5.183366952269415073e-02
-3.030745020092676101e-02;-5.203755242436315653e-02
-3.007682179583898510e-02;-5.224043635596227475e-02
-2.984492149613884523e-02;-5.244231364927856576e-02
-2.961175360897824391e-02;-5.264317665378072386e-02
-2.937732248623518491e-02;-5.284301773687551801e-02
-2.914163252444209803e-02;-5.304182928416381615e-02
-2.890468816471247759e-02;-5.323960369969642920e-02
-2.866649389266615056e-02;-5.343633340622964273e-02
-2.842705423835306666e-02;-5.363201084548045033e-02
-2.818637377617568343e-02;-5.382662847838155101e-02
-2.794445712480986971e-02;-5.402017878533597189e-02
-2.770130894712438674e-02;-5.421265426647145502e-02
-2.745693395009911678e-02;-5.440404744189438618e-02
-2.721133688474136267e-02;-5.459435085194359188e-02
-2.696452254600127663e-02;-5.478355705744369225e-02
-2.671649577268554038e-02;-5.497165863995805840e-02
-2.646726144736967143e-02;-5.515864820204152696e-02
-2.621682449630891726e-02;-5.534451836749269132e-02
-2.596518988934768540e-02;-5.552926178160589449e-02
-2.571236263982773496e-02;-5.571287111142263215e-02
-2.545834780449452231e-02;-5.589533904598298353e-02
-2.520315048340254771e-02;-5.607665829657618173e-02
-2.494677581981908157e-02;-5.625682159699114948e-02
-2.468922900012648913e-02;-5.643582170376642421e-02
-2.443051525372315000e-02;-5.661365139643971534e-02
-2.417063985292295866e-02;-5.679030347779709387e-02
-2.390960811285339910e-02;-5.696577077412167539e-02
-2.364742539135214483e-02;-5.714004613544194228e-02
-2.338409708886255572e-02;-5.731312243577948301e-02
-2.311962864832717984e-02;-5.748499257339648866e-02
-2.285402555508038447e-02;-5.765564947104257626e-02
-2.258729333673937037e-02;-5.782508607620129304e-02
-2.231943756309375318e-02;-5.799329536133603774e-02
-2.205046384599380557e-02;-5.816027032413553094e-02
-2.178037783923721452e-02;-5.832600398775888290e-02
-2.150918523845469707e-02;-5.849048940107992589e-02
-2.123689178099372882e-02;-5.865371963893135226e-02
-2.096350324580137370e-02;-5.881568780234807531e-02
-2.068902545330546239e-02;-5.897638701881015300e-02
-2.041346426529443842e-02;-5.913581044248523294e-02
-2.013682558479583384e-02;-5.929395125447039366e-02
-1.985911535595332247e-02;-5.945080266303339606e-02
-1.958033956390241651e-02;-5.960635790385348382e-02
-1.930050423464473378e-02;-5.976061024026160101e-02
-1.901961543492114090e-02;-5.991355296347988801e-02
-1.873767927208299516e-02;-6.006517939286081659e-02
-1.845470189396252597e-02;-6.021548287612559641e-02
-1.817068948874165507e-02;-6.036445678960204730e-02
-1.788564828481937694e-02;-6.051209453846179837e-02
-1.759958455067788669e-02;-6.065838955695691120e-02
-1.731250459474725778e-02;-6.080333530865601743e-02
-1.702441476526901296e-02;-6.094692528667948472e-02
-1.673532145015779737e-02;-6.108915301393437469e-02
-1.644523107686229543e-02;-6.123001204334849873e-02
-1.615415011222445102e-02;-6.136949595810380076e-02
-1.586208506233744570e-02;-6.150759837186923346e-02
-1.556904247240232901e-02;-6.164431292903289200e-02
-1.527502892658327838e-02;-6.177963330493346783e-02
-1.498005104786155270e-02;-6.191355320609100155e-02
-1.468411549788805996e-02;-6.204606637043708073e-02
-1.438722897683483194e-02;-6.217716656754410792e-02
-1.408939822324465491e-02;-6.230684759885408985e-02
-1.379063001387993009e-02;-6.243510329790664948e-02
-1.349093116356990009e-02;-6.256192753056620537e-02
-1.319030852505665569e-02;-6.268731419524860293e-02
-1.288876898883980701e-02;-6.281125722314688520e-02
-1.258631948301978075e-02;-6.293375057845636278e-02
-1.228296697314011990e-02;-6.305478825859894831e-02
-1.197871846202788401e-02;-6.317436429444676926e-02
-1.167358098963334166e-02;-6.329247275054492028e-02
-1.136756163286805656e-02;-6.340910772533349393e-02
-1.106066750544176802e-02;-6.352426335136886204e-02
-1.075290575769795830e-02;-6.363793379554419372e-02
-1.044428357644815002e-02;-6.375011325930908523e-02
-1.013480818480490264e-02;-6.386079597888841275e-02
-9.824486842013516533e-03;-6.396997622550053275e-02
-9.513326843282689238e-03;-6.407764830557437230e-02
-9.201335519613381558e-03;-6.418380656096599191e-02
-8.888520237626974102e-03;-6.428844536917420471e-02
-8.574888399391860858e-03;-6.439155914355526589e-02
-8.260447442248856215e-03;-6.449314233353685422e-02
-7.945204838635366862e-03;-6.459318942483120718e-02
-7.629168095908208866e-03;-6.469169493964721518e-02
-7.312344756165519225e-03;-6.478865343690187739e-02
-6.994742396066821674e-03;-6.488405951243082781e-02
-6.676368626652435904e-03;-6.497790779919780657e-02
-6.357231093161368023e-03;-6.507019296750349291e-02
-6.037337474848043090e-03;-6.516090972519333890e-02
-5.716695484797787788e-03;-6.525005281786439015e-02
-5.395312869741120468e-03;-6.533761702907142643e-02
-5.073197409866816478e-03;-6.542359718053204765e-02
-4.750356918633695871e-03;-6.550798813233077444e-02
-4.426799242581512528e-03;-6.559078478312238558e-02
-4.102532261140051303e-03;-6.567198207033426993e-02
-3.777563886437611956e-03;-6.575157497036769605e-02
-3.451902063108013789e-03;-6.582955849879833232e-02
-3.125554768096466644e-03;-6.590592771057569854e-02
-2.798530010464264032e-03;-6.598067770022168765e-02
-2.470835831192236785e-03;-6.605380360202807444e-02
-2.142480302983329390e-03;-6.612530059025310825e-02
-1.813471530063424670e-03;-6.619516387931712043e-02
-1.483817647981585395e-03;-6.626338872399704927e-02
-1.153526823408849555e-03;-6.632997041962009066e-02
-8.226072539359332008e-04;-6.639490430225629403e-02
-4.910671678697790376e-04;-6.645818574891013131e-02
-1.589148240289679347e-04;-6.651981017771099736e-02
1.738414884620098990e-04;-6.657977304810290542e-02
5.071934503796754696e-04;-6.663806986103283647e-02
8.411327126093120230e-04;-6.669469615913831140e-02
1.175650896354431957e-03;-6.674964752693381131e-02
1.510739593346766994e-03;-6.680291959099612931e-02
1.846390366057666437e-03;-6.685450802014872296e-02
2.182594747910545502e-03;-6.690440852564495666e-02
2.519344243494429231e-03;-6.695261686135033086e-02
2.856630328778656837e-03;-6.699912882392353164e-02
3.194444451328377725e-03;-6.704394025299659221e-02
3.532778030521722609e-03;-6.708704703135370817e-02
3.871622457767465771e-03;-6.712844508510910913e-02
4.210969096724057753e-03;-6.716813038388394497e-02
4.550809283519657682e-03;-6.720609894098177051e-02
4.891134326973241991e-03;-6.724234681356312804e-02
5.231935508816761352e-03;-6.727687010281900581e-02
5.573204083918348838e-03;-6.730966495414307527e-02
5.914931280506576308e-03;-6.734072755730281801e-02
6.257108300395753352e-03;-6.737005414660966751e-02
6.599726319212252321e-03;-6.739764100108767975e-02
6.942776486621873334e-03;-6.742348444464146828e-02
7.286249926558275268e-03;-6.744758084622257122e-02
7.630137737452137060e-03;-6.746992661999497154e-02
7.974430992461931447e-03;-6.749051822549935464e-02
8.319120739705086406e-03;-6.750935216781603354e-02
8.664198002490460654e-03;-6.752642499772691653e-02
9.009653779551752423e-03;-6.754173331187621199e-02
9.355479045281877085e-03;-6.755527375292984249e-02
9.701664749968351778e-03;-6.756704300973383204e-02
1.004820182002962546e-02;-6.757703781747134708e-02
1.039508115825247235e-02;-6.758525495781859960e-02
1.074229364403000292e-02;-6.759169125909954279e-02
1.108983013360126738e-02;-6.759634359643920676e-02
1.143768146029119914e-02;-6.759920889191611826e-02
1.178583843475178999e-02;-6.760028411471306897e-02
1.213429184520415510e-02;-6.759956628126700950e-02
1.248303245768152443e-02;-6.759705245541752783e-02
1.283205101627321251e-02;-6.759273974855407874e-02
1.318133824336921098e-02;-6.758662531976197818e-02
1.353088483990630940e-02;-6.757870637596723185e-02
1.388068148561447633e-02;-6.756898017207985108e-02
1.423071883926448240e-02;-6.755744401113619735e-02
1.458098753891634396e-02;-6.754409524443986956e-02
1.493147820216863229e-02;-6.752893127170132848e-02
1.528218142640868152e-02;-6.751194954117624436e-02
1.563308778906367241e-02;-6.749314754980262343e-02
1.598418784785261490e-02;-6.747252284333646322e-02
1.633547214103890990e-02;-6.745007301648635323e-02
1.668693118768437358e-02;-6.742579571304654906e-02
1.703855548790346799e-02;-6.739968862602878363e-02
1.739033552311871136e-02;-6.737174949779287103e-02
1.774226175631683777e-02;-6.734197612017585322e-02
1.809432463230577562e-02;-6.731036633461989771e-02
1.844651457797253161e-02;-6.727691803229876588e-02
1.879882200254153618e-02;-6.724162915424312936e-02
1.915123729783447040e-02;-6.720449769146431829e-02
1.950375083853018998e-02;-6.716552168507688991e-02
1.985635298242583585e-02;-6.712469922641968456e-02
2.020903407069865598e-02;-6.708202845717577134e-02
2.056178442816828170e-02;-6.703750756949079792e-02
2.091459436356071441e-02;-6.699113480608993865e-02
2.126745416977152484e-02;-6.694290846039382958e-02
2.162035412413166116e-02;-6.689282687663261617e-02
2.197328448867215400e-02;-6.684088844995912659e-02
2.232623551039109033e-02;-6.678709162656022713e-02
2.267919742152039314e-02;-6.673143490376708120e-02
2.303216043979375294e-02;-6.667391683016379855e-02
2.338511476871480907e-02;-6.661453600569500200e-02
2.373805059782705881e-02;-6.655329108177147901e-02
2.409095810298291299e-02;-6.649018076137498678e-02
2.444382744661502752e-02;-6.642520379916128093e-02
2.479664877800724990e-02;-6.635835900156175637e-02
2.514941223356679384e-02;-6.628964522688382544e-02
2.550210793709656310e-02;-6.621906138540983866e-02
2.585472600006916491e-02;-6.614660643949428487e-02
2.620725652189999366e-02;-6.607227940366011687e-02
2.655968959022283679e-02;-6.599607934469296777e-02
2.691201528116419356e-02;-6.591800538173454849e-02
2.726422365962016814e-02;-6.583805668637408848e-02
2.761630477953212065e-02;-6.575623248273877730e-02
2.796824868416449353e-02;-6.567253204758234653e-02
2.832004540638230136e-02;-6.558695471037243041e-02
2.867168496892957483e-02;-6.549949985337641389e-02
2.902315738470837361e-02;-6.541016691174582343e-02
2.937445265705832323e-02;-6.531895537359916348e-02
2.972556078003689428e-02;-6.522586478010339306e-02
3.007647173869978929e-02;-6.513089472555394499e-02
3.042717550938294629e-02;-6.503404485745298280e-02
3.077766205998345647e-02;-6.493531487658663059e-02
3.112792135024299370e-02;-6.483470453710023229e-02
3.147794333202976608e-02;-6.473221364657261168e-02
3.182771794962301753e-02;-6.462784206608823689e-02
3.217723513999608959e-02;-6.452158971030859391e-02
3.252648483310168620e-02;-6.441345654754140893e-02
3.287545695215658009e-02;-6.430344259980874666e-02
3.322414141392731474e-02;-6.419154794291347110e-02
3.357252812901596190e-02;-6.407777270650433232e-02
3.392060700214730162e-02;-6.396211707413908265e-02
3.426836793245502388e-02;-6.384458128334688509e-02
3.461580081376987306e-02;-6.372516562568833476e-02
3.496289553490729979e-02;-6.360387044681446722e-02
3.530964197995602877e-02;-6.348069614652414316e-02
3.565603002856657100e-02;-6.335564317881997587e-02
3.600204955624121406e-02;-6.322871205196220479e-02
3.634769043462284660e-02;-6.309990332852202788e-02
3.669294253178608661e-02;-6.296921762543221390e-02
3.703779571252686226e-02;-6.283665561403729838e-02
3.738223983865437278e-02;-6.270221802014121215e-02
3.772626476928155753e-02;-6.256590562405424383e-02
3.806986036111756344e-02;-6.242771926063780258e-02
3.841301646875949771e-02;-6.228765981934793194e-02
3.875572294498515202e-02;-6.214572824427718606e-02
3.909796964104556710e-02;-6.200192553419511809e-02
3.943974640695895734e-02;-6.185625274258672868e-02
3.978104309180338638e-02;-6.170871097769001223e-02
4.012184954401151055e-02;-6.155930140253137312e-02
4.046215561166439240e-02;-6.140802523495975801e-02
4.080195114278628576e-02;-6.125488374767909527e-02
4.114122598563926814e-02;-6.109987826827938812e-02
4.147996998901903876e-02;-6.094301017926567060e-02
4.181817300254962039e-02;-6.078428091808627670e-02
4.215582487698005254e-02;-6.062369197715847952e-02
4.249291546447955120e-02;-6.046124490389354761e-02
4.282943461893480575e-02;-6.029694130071929642e-02
4.316537219624573540e-02;-6.013078282510193190e-02
4.350071805462301516e-02;-5.996277118956556268e-02
4.383546205488487307e-02;-5.979290816171050488e-02
4.416959406075462308e-02;-5.962119556422992850e-02
4.450310393915796192e-02;-5.944763527492496341e-02
4.483598156052137629e-02;-5.927222922671785549e-02
4.516821679906945358e-02;-5.909497940766422069e-02
4.549979953312371928e-02;-5.891588786096288444e-02
4.583071964540073873e-02;-5.873495668496468702e-02
4.616096702331092677e-02;-5.855218803317943643e-02
4.649053155925703812e-02;-5.836758411428148718e-02
4.681940315093374022e-02;-5.818114719211314040e-02
4.714757170162597183e-02;-5.799287958568737772e-02
4.747502712050907098e-02;-5.780278366918783356e-02
4.780175932294732088e-02;-5.761086187196836489e-02
4.812775823079444570e-02;-5.741711667854976914e-02
4.845301377269245480e-02;-5.722155062861607883e-02
4.877751588437208297e-02;-5.702416631700833738e-02
4.910125450895242577e-02;-5.682496639371709124e-02
4.942421959724108138e-02;-5.662395356387337625e-02
4.974640110803404264e-02;-5.642113058773803869e-02
5.006778900841641483e-02;-5.621650028068890526e-02
5.038837327406201633e-02;-5.601006551320745347e-02
5.070814388953432533e-02;-5.580182921086263015e-02
5.102709084858653155e-02;-5.559179435429382338e-02
5.134520415446221925e-02;-5.537996397919194014e-02
5.166247382019546058e-02;-5.516634117627901984e-02
5.197888986891205376e-02;-5.495092909128571762e-02
5.229444233412922083e-02;-5.473373092492811454e-02
5.260912126005698464e-02;-5.451474993288164123e-02
5.292291670189797070e-02;-5.429398942575473092e-02
5.323581872614874949e-02;-5.407145276905948178e-02
5.354781741089962438e-02;-5.384714338318193766e-02
5.385890284613575885e-02;-5.362106474334978751e-02
5.416906513403737383e-02;-5.339322037959889911e-02
5.447829438928036144e-02;-5.316361387673812500e-02
5.478658073933642680e-02;-5.293224887431263043e-02
5.509391432477395850e-02;-5.269912906656491758e-02
5.540028529955767084e-02;-5.246425820239539878e-02
5.570568383134939100e-02;-5.222764008532013169e-02
5.601010010180787480e-02;-5.198927857342761083e-02
5.631352430688900401e-02;-5.174917757933376883e-02
5.661594665714544949e-02;-5.150734107013544422e-02
5.691735737802704198e-02;-5.126377306736162182e-02
5.721774671017980374e-02;-5.101847764692422904e-02
5.751710490974625001e-02;-5.077145893906578888e-02
5.781542224866408758e-02;-5.052272112830697576e-02
5.811268901496632194e-02;-5.027226845339101413e-02
5.840889551307960198e-02;-5.002010520722791759e-02
5.870403206412383446e-02;-4.976623573683587598e-02
5.899808900621068830e-02;-4.951066444328171973e-02
5.929105669474236256e-02;-4.925339578161943427e-02
5.958292550270976456e-02;-4.899443426082739084e-02
5.987368582099131947e-02;-4.873378444374316942e-02
6.016332805865026029e-02;-4.847145094699792378e-02
6.045184264323308354e-02;-4.820743844094795005e-02
6.073922002106682538e-02;-4.794175164960530477e-02
6.102545065755655973e-02;-4.767439535056663263e-02
6.131052503748224414e-02;-4.740537437494046769e-02
6.159443366529613467e-02;-4.713469360727228635e-02
6.187716706541866729e-02;-4.686235798546917186e-02
6.215871578253558821e-02;-4.658837250072125902e-02
6.243907038189318998e-02;-4.631274219742324144e-02
6.271822144959487977e-02;-4.603547217309252731e-02
6.299615959289595057e-02;-4.575656757828741594e-02
6.327287544049924051e-02;-4.547603361652233223e-02
6.354835964284974437e-02;-4.519387554418214520e-02
6.382260287242930152e-02;-4.491009867043468246e-02
6.409559582405047196e-02;-4.462470835714181516e-02
6.436732921515096739e-02;-4.433771001876813528e-02
6.463779378608650039e-02;-4.404910912228938297e-02
6.490698030042439670e-02;-4.375891118709787642e-02
6.517487954523620841e-02;-4.346712178490716449e-02
6.544148233139016058e-02;-4.317374653965472958e-02
6.570677949384301497e-02;-4.287879112740342058e-02
6.597076189193207263e-02;-4.258226127624041568e-02
6.623342040966584410e-02;-4.228416276617595615e-02
6.649474595601546911e-02;-4.198450142903884658e-02
6.675472946520451256e-02;-4.168328314837202453e-02
6.701336189699952373e-02;-4.138051385932481341e-02
6.727063423699894407e-02;-4.107619954854518224e-02
6.752653749692269503e-02;-4.077034625406918134e-02
6.778106271490048906e-02;-4.046296006520933020e-02
6.803420095576018234e-02;-4.015404712244135393e-02
6.828594331131514206e-02;-3.984361361728944867e-02
6.853628090065197465e-02;-3.953166579220925708e-02
6.878520487041660247e-02;-3.921820994047045539e-02
6.903270639510093731e-02;-3.890325240603655782e-02
6.927877667732851297e-02;-3.858679958344359007e-02
6.952340694813931299e-02;-3.826885791767781902e-02
6.976658846727498697e-02;-3.794943390405040168e-02
7.000831252346238764e-02;-3.762853408807224909e-02
7.024857043469773243e-02;-3.730616506532549032e-02
7.048735354852897483e-02;-3.698233348133508208e-02
7.072465324233888351e-02;-3.665704603143744161e-02
7.096046092362652546e-02;-3.633030946064828848e-02
7.119476803028881862e-02;-3.600213056352864760e-02
7.142756603090097411e-02;-3.567251618404958941e-02
7.165884642499704971e-02;-3.534147321545449277e-02
7.188860074334899042e-02;-3.500900860012121779e-02
7.211682054824593291e-02;-3.467512932942129478e-02
7.234349743377226083e-02;-3.433984244357833615e-02
7.256862302608542425e-02;-3.400315503152467889e-02
7.279218898369273216e-02;-3.366507423075674327e-02
7.301418699772804777e-02;-3.332560722718792140e-02
7.323460879222710995e-02;-3.298476125500151429e-02
7.345344612440304899e-02;-3.264254359650021337e-02
7.367069078492022305e-02;-3.229896158195596362e-02
7.388633459816848492e-02;-3.195402258945638507e-02
7.410036942253564463e-02;-3.160773404475152037e-02
7.431278715068014018e-02;-3.126010342109744600e-02
7.452357970980250101e-02;-3.091113823909935263e-02
7.473273906191629790e-02;-3.056084606655268959e-02
7.494025720411805203e-02;-3.020923451828312969e-02
7.514612616885714413e-02;-2.985631125598414010e-02
7.535033802420383620e-02;-2.950208398805445956e-02
7.555288487411784826e-02;-2.914656046943265091e-02
7.575375885871506176e-02;-2.878974850143097008e-02
7.595295215453420901e-02;-2.843165593156745524e-02
7.615045697480223030e-02;-2.807229065339682250e-02
7.634626556969950628e-02;-2.771166060633891218e-02
7.654037022662336931e-02;-2.734977377550728769e-02
7.673276327045194800e-02;-2.698663819153433382e-02
7.692343706380608270e-02;-2.662226193039695168e-02
7.711238400731139364e-02;-2.625665311323866283e-02
7.729959653985866985e-02;-2.588981990619227888e-02
7.748506713886413322e-02;-2.552177052019937928e-02
7.766878832052842574e-02;-2.515251321082934491e-02
7.785075264009498619e-02;-2.478205627809651826e-02
7.803095269210720553e-02;-2.441040806627627416e-02
7.820938111066537413e-02;-2.403757696371864108e-02
7.838603056968193594e-02;-2.366357140266208900e-02
7.856089378313659000e-02;-2.328839985904418777e-02
7.873396350533000410e-02;-2.291207085231191862e-02
7.890523253113691793e-02;-2.253459294523004267e-02
7.907469369625806654e-02;-2.215597474368850503e-02
7.924233987747165975e-02;-2.177622489650731311e-02
7.940816399288321004e-02;-2.139535209524176182e-02
7.957215900217527726e-02;-2.101336507398409575e-02
7.973431790685547860e-02;-2.063027260916595537e-02
7.989463375050423477e-02;-2.024608351935720807e-02
8.005309961902093430e-02;-1.986080666506544537e-02
8.020970864086969521e-02;-1.947445094853237843e-02
8.036445398732372514e-02;-1.908702531352979639e-02
8.051732887270902916e-02;-1.869853874515378309e-02
8.066832655464677149e-02;-1.830900026961789981e-02
8.081744033429515139e-02;-1.791841895404392912e-02
8.096466355658964165e-02;-1.752680390625297596e-02
8.110998961048274114e-02;-1.713416427455338384e-02
8.125341192918247857e-02;-1.674050924752844977e-02
8.139492399038993076e-02;-1.634584805382226919e-02
8.153451931653558915e-02;-1.595018996192466149e-02
8.167219147501504628e-02;-1.555354427995364087e-02
8.180793407842303078e-02;-1.515592035543837646e-02
8.194174078478706769e-02;-1.475732757509855449e-02
8.207360529779945957e-02;-1.435777536462471901e-02
8.220352136704872636e-02;-1.395727318845495397e-02
8.233148278824946320e-02;-1.355583054955246392e-02
8.245748340347158756e-02;-1.315345698917994022e-02
8.258151710136805990e-02;-1.275016208667376777e-02
8.270357781740185488e-02;-1.234595545921639108e-02
8.282365953407151704e-02;-1.194084676160787721e-02
8.294175628113596710e-02;-1.153484568603501542e-02
8.305786213583768451e-02;-1.112796196184090078e-02
8.317197122312529334e-02;-1.072020535529144038e-02
8.328407771587452435e-02;-1.031158566934167915e-02
8.339417583510845555e-02;-9.902112743400382291e-03
8.350225985021623998e-02;-9.491796453093797117e-03
8.360832407917094533e-02;-9.080646710026991572e-03
8.371236288874593645e-02;-8.668673461545832806e-03
8.381437069473050838e-02;-8.255886690495397445e-03
8.391434196214374308e-02;-7.842296414979495547e-03
8.401227120544781102e-02;-7.427912688116580266e-03
8.410815298875955193e-02;-7.012745597796694874e-03
8.420198192606116738e-02;-6.596805266435251322e-03
8.429375268140956723e-02;-6.180101850726755011e-03
8.438345996914455027e-02;-5.762645541396793983e-03
8.447109855409562496e-02;-5.344446562953304725e-03
8.455666325178788634e-02;-4.925515173435444927e-03
8.464014892864628326e-02;-4.505861664163104616e-03
8.472155050219894179e-02;-4.085496359483357237e-03
8.480086294127904545e-02;-3.664429616516890354e-03
8.487808126622550797e-02;-3.242671824902736318e-03
8.495320054908243879e-02;-2.820233406542328996e-03
8.502621591379729005e-02;-2.397124815341180465e-03
8.509712253641757429e-02;-1.973356536951338322e-03
8.516591564528666614e-02;-1.548939088510342546e-03
8.523259052123778601e-02;-1.123883018381427240e-03
8.529714249778719282e-02;-6.981989058901580522e-04
8.535956696132569743e-02;-2.718973610622588155e-04
8.541985935130910756e-02;1.550109756416694182e-04
8.547801516044710446e-02;5.825154335913544732e-04
8.553402993489109263e-02;1.010605312253719116e-03
8.558789927442032874e-02;1.439269881460335243e-03
8.563961883262716235e-02;1.868498381677215778e-03
8.568918431710050021e-02;2.298280024273807991e-03
8.573659148960821597e-02;2.728603991794997276e-03
8.578183616627800545e-02;3.159459438232982333e-03
8.582491421777699303e-02;3.590835489300777533e-03
8.586582156948990852e-02;4.022721242706262142e-03
8.590455420169594569e-02;4.455105768428522205e-03
8.594110814974403878e-02;4.887978108993278233e-03
8.597547950422707030e-02;5.321327279751742433e-03
8.600766441115437200e-02;5.755142269158080789e-03
8.603765907212293507e-02;6.189412039050371482e-03
8.606545974448731595e-02;6.624125524930232767e-03
8.609106274152793226e-02;7.059271636245467545e-03
8.611446443261805417e-02;7.494839256672513640e-03
8.613566124338931096e-02;7.930817244400452729e-03
8.615464965589585133e-02;8.367194432415476363e-03
8.617142620877688008e-02;8.803959628787601938e-03
8.618598749741795961e-02;9.241101616956456238e-03
8.619833017411071552e-02;9.678609156019977663e-03
8.620845094821109889e-02;1.011647098102284696e-02
8.621634658629630243e-02;1.055467580324630922e-02
8.622201391231990031e-02;1.099321231049932117e-02
8.622544980776594703e-02;1.143206916740944004e-02
8.622665121180121683e-02;1.187123501571665796e-02
8.622561512142616624e-02;1.231069847456587978e-02
8.622233859162431457e-02;1.275044814080233090e-02
8.621681873551008402e-02;1.319047258926666667e-02
8.620905272447526579e-02;1.363076037309153381e-02
8.619903778833390429e-02;1.407130002399852725e-02
8.618677121546558517e-02;1.451208005259725826e-02
8.617225035295734969e-02;1.495308894868341808e-02
8.615547260674401298e-02;1.539431518153964139e-02
8.613643544174680311e-02;1.583574720023601945e-02
8.611513638201080678e-02;1.627737343393205471e-02
8.609157301084055525e-02;1.671918229217891211e-02
8.606574297093409764e-02;1.716116216522376239e-02
8.603764396451576979e-02;1.760330142431299622e-02
8.600727375346708947e-02;1.804558842199865953e-02
8.597463015945625009e-02;1.848801149244323414e-02
